38.000000 
38.000000 
38.000000 
38.000000 
38.000000 
38.000000 
38.000000 
38.000000 
38.000000 
38.000000 
38.000000 
38.000000 
28.300000 
34.077262 
34.062951 
34.060479 
34.059526 
34.059228 
34.059157 
34.059255 
34.059883 
34.062652 
34.073801 
28.300000 
28.300000 
30.354136 
30.347891 
30.345260 
30.346920 
30.348560 
30.349604 
30.350241 
30.350821 
30.351913 
30.354583 
28.300000 
28.300000 
28.865466 
28.864548 
28.861578 
28.860646 
28.860813 
28.861246 
28.861638 
28.861964 
28.862320 
28.862781 
28.300000 
28.300000 
28.423372 
28.423208 
28.422024 
28.421171 
28.420834 
28.420800 
28.420884 
28.420996 
28.421123 
28.421276 
28.300000 
28.300000 
28.322708 
28.322700 
28.322282 
28.321830 
28.321531 
28.321386 
28.321339 
28.321348 
28.321391 
28.321473 
28.300000 
28.300000 
28.303805 
28.303827 
28.303679 
28.303468 
28.303284 
28.303160 
28.303091 
28.303066 
28.303076 
28.303124 
28.300000 
28.300000 
28.300685 
28.300705 
28.300649 
28.300552 
28.300451 
28.300370 
28.300315 
28.300287 
28.300286 
28.300314 
28.300000 
28.300000 
28.300189 
28.300202 
28.300180 
28.300135 
28.300082 
28.300035 
28.300000 
28.299979 
28.299976 
28.299990 
28.300000 
28.300000 
28.300136 
28.300145 
28.300137 
28.300116 
28.300090 
28.300064 
28.300044 
28.300031 
28.300027 
28.300033 
28.300000 
28.300000 
28.300236 
28.300254 
28.300253 
28.300242 
28.300226 
28.300210 
28.300195 
28.300185 
28.300180 
28.300179 
28.300000 
28.300000 
28.300000 
28.300000 
28.300000 
28.300000 
28.300000 
28.300000 
28.300000 
28.300000 
28.300000 
28.300000 
28.300000 
